==========================

[BSPLINECURVE]

80, 3, 1 // UNum, UDegree, UKnotType (Curve 1)

// Control Points
136.99 44.85 0.00 1.00000000 0
139.15 45.35 0.00 1.00000000 0
143.38 46.62 0.00 1.00000000 0
149.44 49.12 0.00 1.00000000 0
156.64 48.84 0.00 1.00000000 0
163.55 49.24 0.00 1.00000000 0
170.23 50.22 0.00 1.00000000 0
177.35 50.14 0.00 1.00000000 0
183.63 52.07 0.00 1.00000000 0
190.63 52.26 0.00 1.00000000 0
196.84 54.39 0.00 1.00000000 0
203.75 54.81 0.00 1.00000000 0
210.13 56.49 0.00 1.00000000 0
216.76 57.58 0.00 1.00000000 0
222.93 59.81 0.00 1.00000000 0
229.71 60.53 0.00 1.00000000 0
235.80 62.94 0.00 1.00000000 0
242.49 63.89 0.00 1.00000000 0
248.77 65.83 0.00 1.00000000 0
255.29 67.18 0.00 1.00000000 0
261.50 69.29 0.00 1.00000000 0
268.20 70.22 0.00 1.00000000 0
274.45 72.21 0.00 1.00000000 0
281.11 73.26 0.00 1.00000000 0
287.43 75.08 0.00 1.00000000 0
293.63 77.22 0.00 1.00000000 0
300.18 78.50 0.00 1.00000000 0
306.27 80.91 0.00 1.00000000 0
312.81 82.23 0.00 1.00000000 0
319.09 84.16 0.00 1.00000000 0
325.36 86.12 0.00 1.00000000 0
331.72 87.87 0.00 1.00000000 0
337.93 89.98 0.00 1.00000000 0
344.40 91.45 0.00 1.00000000 0
350.72 93.30 0.00 1.00000000 0
356.96 95.33 0.00 1.00000000 0
363.23 97.30 0.00 1.00000000 0
369.63 98.94 0.00 1.00000000 0
375.88 100.95 0.00 1.00000000 0
382.18 102.86 0.00 1.00000000 0
388.63 104.38 0.00 1.00000000 0
394.65 106.95 0.00 1.00000000 0
401.11 108.45 0.00 1.00000000 0
407.14 110.98 0.00 1.00000000 0
413.64 112.41 0.00 1.00000000 0
419.76 114.71 0.00 1.00000000 0
426.25 116.17 0.00 1.00000000 0
432.43 118.32 0.00 1.00000000 0
438.74 120.22 0.00 1.00000000 0
445.12 121.89 0.00 1.00000000 0
451.29 124.14 0.00 1.00000000 0
457.76 125.57 0.00 1.00000000 0
463.60 128.59 0.00 1.00000000 0
470.21 129.73 0.00 1.00000000 0
476.21 132.33 0.00 1.00000000 0
482.64 133.95 0.00 1.00000000 0
488.89 135.93 0.00 1.00000000 0
495.11 138.03 0.00 1.00000000 0
501.30 140.17 0.00 1.00000000 0
507.60 142.09 0.00 1.00000000 0
513.97 143.81 0.00 1.00000000 0
520.28 145.66 0.00 1.00000000 0
526.43 147.91 0.00 1.00000000 0
532.73 149.83 0.00 1.00000000 0
539.09 151.54 0.00 1.00000000 0
545.21 153.88 0.00 1.00000000 0
551.58 155.61 0.00 1.00000000 0
557.97 157.27 0.00 1.00000000 0
563.96 159.92 0.00 1.00000000 0
570.39 161.49 0.00 1.00000000 0
576.31 164.28 0.00 1.00000000 0
582.91 165.49 0.00 1.00000000 0
589.06 167.71 0.00 1.00000000 0
595.20 170.00 0.00 1.00000000 0
601.60 171.67 0.00 1.00000000 0
608.08 173.09 0.00 1.00000000 0
614.30 175.23 0.00 1.00000000 0
620.49 177.34 0.00 1.00000000 0
624.70 178.18 0.00 1.00000000 0
626.64 178.97 0.00 1.00000000 0

// UKnot
0.00000000
0.00000000
0.00000000
0.00000000
0.01298701
0.02597403
0.03896104
0.05194805
0.06493506
0.07792208
0.09090909
0.10389610
0.11688312
0.12987013
0.14285714
0.15584416
0.16883117
0.18181818
0.19480519
0.20779221
0.22077922
0.23376623
0.24675325
0.25974026
0.27272727
0.28571429
0.29870130
0.31168831
0.32467532
0.33766234
0.35064935
0.36363636
0.37662338
0.38961039
0.40259740
0.41558442
0.42857143
0.44155844
0.45454545
0.46753247
0.48051948
0.49350649
0.50649351
0.51948052
0.53246753
0.54545455
0.55844156
0.57142857
0.58441558
0.59740260
0.61038961
0.62337662
0.63636364
0.64935065
0.66233766
0.67532468
0.68831169
0.70129870
0.71428571
0.72727273
0.74025974
0.75324675
0.76623377
0.77922078
0.79220779
0.80519481
0.81818182
0.83116883
0.84415584
0.85714286
0.87012987
0.88311688
0.89610390
0.90909091
0.92207792
0.93506494
0.94805195
0.96103896
0.97402597
0.98701299
1.00000000
1.00000000
1.00000000
1.00000000

==========================

[BSPLINECURVE]

80, 3, 1 // UNum, UDegree, UKnotType (Curve 2)

// Control Points
463.54 274.99 0.00 1.00000000 0
462.11 272.30 0.00 1.00000000 0
459.59 267.35 0.00 1.00000000 0
458.90 257.40 0.00 1.00000000 0
454.24 250.48 0.00 1.00000000 0
447.17 244.72 0.00 1.00000000 0
444.18 235.86 0.00 1.00000000 0
438.40 228.63 0.00 1.00000000 0
434.52 220.93 0.00 1.00000000 0
424.40 214.07 0.00 1.00000000 0
419.23 224.44 0.00 1.00000000 0
417.33 231.17 0.00 1.00000000 0
417.65 243.84 0.00 1.00000000 0
410.07 245.03 0.00 1.00000000 0
405.09 233.54 0.00 1.00000000 0
401.94 227.35 0.00 1.00000000 0
397.76 217.91 0.00 1.00000000 0
393.28 211.56 0.00 1.00000000 0
386.35 202.50 0.00 1.00000000 0
377.70 208.58 0.00 1.00000000 0
376.97 217.84 0.00 1.00000000 0
377.67 228.02 0.00 1.00000000 0
372.02 235.42 0.00 1.00000000 0
363.25 224.87 0.00 1.00000000 0
358.16 220.09 0.00 1.00000000 0
353.18 209.87 0.00 1.00000000 0
344.32 207.15 0.00 1.00000000 0
339.84 216.97 0.00 1.00000000 0
342.89 228.60 0.00 1.00000000 0
333.07 229.27 0.00 1.00000000 0
326.54 219.69 0.00 1.00000000 0
320.57 214.15 0.00 1.00000000 0
314.70 205.40 0.00 1.00000000 0
307.10 200.85 0.00 1.00000000 0
298.01 198.18 0.00 1.00000000 0
288.88 200.26 0.00 1.00000000 0
282.05 207.63 0.00 1.00000000 0
277.85 215.50 0.00 1.00000000 0
274.63 223.66 0.00 1.00000000 0
271.50 232.48 0.00 1.00000000 0
274.85 242.68 0.00 1.00000000 0
272.36 250.86 0.00 1.00000000 0
271.67 260.53 0.00 1.00000000 0
272.01 270.31 0.00 1.00000000 0
273.22 279.34 0.00 1.00000000 0
272.90 289.22 0.00 1.00000000 0
274.18 298.32 0.00 1.00000000 0
274.66 307.81 0.00 1.00000000 0
275.56 317.10 0.00 1.00000000 0
276.94 326.20 0.00 1.00000000 0
278.02 335.42 0.00 1.00000000 0
279.07 344.67 0.00 1.00000000 0
280.96 353.53 0.00 1.00000000 0
282.48 362.61 0.00 1.00000000 0
284.24 371.48 0.00 1.00000000 0
286.90 380.18 0.00 1.00000000 0
288.00 389.15 0.00 1.00000000 0
292.40 397.46 0.00 1.00000000 0
292.68 406.13 0.00 1.00000000 0
294.86 417.04 0.00 1.00000000 0
306.57 410.21 0.00 1.00000000 0
301.73 400.78 0.00 1.00000000 0
303.88 391.00 0.00 1.00000000 0
301.64 381.85 0.00 1.00000000 0
302.16 372.18 0.00 1.00000000 0
300.67 363.01 0.00 1.00000000 0
299.57 353.86 0.00 1.00000000 0
298.36 344.66 0.00 1.00000000 0
297.23 335.46 0.00 1.00000000 0
295.34 326.57 0.00 1.00000000 0
294.06 317.42 0.00 1.00000000 0
291.93 308.66 0.00 1.00000000 0
290.57 299.51 0.00 1.00000000 0
288.42 290.80 0.00 1.00000000 0
286.51 281.79 0.00 1.00000000 0
284.54 273.17 0.00 1.00000000 0
281.85 264.15 0.00 1.00000000 0
280.28 256.15 0.00 1.00000000 0
276.47 249.09 0.00 1.00000000 0
275.20 250.56 0.00 1.00000000 0

// UKnot
0.00000000
0.00000000
0.00000000
0.00000000
0.01298701
0.02597403
0.03896104
0.05194805
0.06493506
0.07792208
0.09090909
0.10389610
0.11688312
0.12987013
0.14285714
0.15584416
0.16883117
0.18181818
0.19480519
0.20779221
0.22077922
0.23376623
0.24675325
0.25974026
0.27272727
0.28571429
0.29870130
0.31168831
0.32467532
0.33766234
0.35064935
0.36363636
0.37662338
0.38961039
0.40259740
0.41558442
0.42857143
0.44155844
0.45454545
0.46753247
0.48051948
0.49350649
0.50649351
0.51948052
0.53246753
0.54545455
0.55844156
0.57142857
0.58441558
0.59740260
0.61038961
0.62337662
0.63636364
0.64935065
0.66233766
0.67532468
0.68831169
0.70129870
0.71428571
0.72727273
0.74025974
0.75324675
0.76623377
0.77922078
0.79220779
0.80519481
0.81818182
0.83116883
0.84415584
0.85714286
0.87012987
0.88311688
0.89610390
0.90909091
0.92207792
0.93506494
0.94805195
0.96103896
0.97402597
0.98701299
1.00000000
1.00000000
1.00000000
1.00000000

==========================

[BSPLINECURVE]

80, 3, 1 // UNum, UDegree, UKnotType (Curve 3)

// Control Points
456.61 252.78 0.00 1.00000000 0
457.03 251.26 0.00 1.00000000 0
458.59 249.25 0.00 1.00000000 0
457.24 244.34 0.00 1.00000000 0
458.95 240.82 0.00 1.00000000 0
458.81 236.45 0.00 1.00000000 0
460.14 232.78 0.00 1.00000000 0
462.11 229.24 0.00 1.00000000 0
464.56 226.14 0.00 1.00000000 0
467.67 222.79 0.00 1.00000000 0
471.20 221.23 0.00 1.00000000 0
474.88 219.65 0.00 1.00000000 0
478.32 217.76 0.00 1.00000000 0
482.15 216.57 0.00 1.00000000 0
486.65 217.14 0.00 1.00000000 0
490.79 216.87 0.00 1.00000000 0
495.15 216.96 0.00 1.00000000 0
499.34 217.01 0.00 1.00000000 0
503.75 216.72 0.00 1.00000000 0
507.43 218.09 0.00 1.00000000 0
511.38 218.89 0.00 1.00000000 0
515.21 219.98 0.00 1.00000000 0
519.30 220.37 0.00 1.00000000 0
522.80 222.23 0.00 1.00000000 0
526.81 222.91 0.00 1.00000000 0
530.54 224.16 0.00 1.00000000 0
534.31 225.41 0.00 1.00000000 0
538.03 226.71 0.00 1.00000000 0
541.84 227.88 0.00 1.00000000 0
545.74 228.74 0.00 1.00000000 0
549.40 230.21 0.00 1.00000000 0
553.21 231.35 0.00 1.00000000 0
556.94 232.59 0.00 1.00000000 0
560.41 234.56 0.00 1.00000000 0
564.17 235.79 0.00 1.00000000 0
567.82 237.30 0.00 1.00000000 0
571.43 238.89 0.00 1.00000000 0
575.24 240.00 0.00 1.00000000 0
578.91 241.47 0.00 1.00000000 0
582.42 243.28 0.00 1.00000000 0
586.45 243.95 0.00 1.00000000 0
589.89 245.80 0.00 1.00000000 0
593.62 247.27 0.00 1.00000000 0
597.37 248.42 0.00 1.00000000 0
601.01 250.01 0.00 1.00000000 0
604.62 251.56 0.00 1.00000000 0
608.43 252.75 0.00 1.00000000 0
612.10 254.09 0.00 1.00000000 0
615.50 256.26 0.00 1.00000000 0
619.29 257.42 0.00 1.00000000 0
623.08 258.61 0.00 1.00000000 0
626.74 260.00 0.00 1.00000000 0
630.23 261.97 0.00 1.00000000 0
634.10 262.91 0.00 1.00000000 0
637.81 264.29 0.00 1.00000000 0
641.57 265.48 0.00 1.00000000 0
645.15 267.20 0.00 1.00000000 0
648.96 268.27 0.00 1.00000000 0
652.75 269.49 0.00 1.00000000 0
656.38 270.95 0.00 1.00000000 0
660.08 272.43 0.00 1.00000000 0
663.84 273.55 0.00 1.00000000 0
667.41 275.36 0.00 1.00000000 0
671.30 276.18 0.00 1.00000000 0
674.75 278.25 0.00 1.00000000 0
678.74 278.89 0.00 1.00000000 0
682.12 281.04 0.00 1.00000000 0
686.13 281.71 0.00 1.00000000 0
689.56 283.65 0.00 1.00000000 0
693.21 285.23 0.00 1.00000000 0
697.09 286.17 0.00 1.00000000 0
700.69 287.75 0.00 1.00000000 0
704.46 289.02 0.00 1.00000000 0
707.93 290.83 0.00 1.00000000 0
711.67 292.27 0.00 1.00000000 0
715.37 293.51 0.00 1.00000000 0
719.37 294.38 0.00 1.00000000 0
723.11 295.50 0.00 1.00000000 0
724.86 297.13 0.00 1.00000000 0
726.56 296.81 0.00 1.00000000 0

// UKnot
0.00000000
0.00000000
0.00000000
0.00000000
0.01298701
0.02597403
0.03896104
0.05194805
0.06493506
0.07792208
0.09090909
0.10389610
0.11688312
0.12987013
0.14285714
0.15584416
0.16883117
0.18181818
0.19480519
0.20779221
0.22077922
0.23376623
0.24675325
0.25974026
0.27272727
0.28571429
0.29870130
0.31168831
0.32467532
0.33766234
0.35064935
0.36363636
0.37662338
0.38961039
0.40259740
0.41558442
0.42857143
0.44155844
0.45454545
0.46753247
0.48051948
0.49350649
0.50649351
0.51948052
0.53246753
0.54545455
0.55844156
0.57142857
0.58441558
0.59740260
0.61038961
0.62337662
0.63636364
0.64935065
0.66233766
0.67532468
0.68831169
0.70129870
0.71428571
0.72727273
0.74025974
0.75324675
0.76623377
0.77922078
0.79220779
0.80519481
0.81818182
0.83116883
0.84415584
0.85714286
0.87012987
0.88311688
0.89610390
0.90909091
0.92207792
0.93506494
0.94805195
0.96103896
0.97402597
0.98701299
1.00000000
1.00000000
1.00000000
1.00000000

==========================

[BSPLINECURVE]

80, 3, 1 // UNum, UDegree, UKnotType (Curve 4)

// Control Points
68.05 318.75 0.00 1.00000000 0
67.50 320.90 0.00 1.00000000 0
68.36 323.54 0.00 1.00000000 0
72.36 327.81 0.00 1.00000000 0
76.51 329.61 0.00 1.00000000 0
81.48 330.00 0.00 1.00000000 0
86.78 330.10 0.00 1.00000000 0
91.44 329.18 0.00 1.00000000 0
95.53 326.65 0.00 1.00000000 0
100.01 325.06 0.00 1.00000000 0
103.81 322.07 0.00 1.00000000 0
107.71 318.75 0.00 1.00000000 0
111.26 315.67 0.00 1.00000000 0
113.78 311.29 0.00 1.00000000 0
116.91 307.64 0.00 1.00000000 0
118.57 303.12 0.00 1.00000000 0
121.58 299.31 0.00 1.00000000 0
123.36 294.91 0.00 1.00000000 0
125.51 290.69 0.00 1.00000000 0
127.13 286.25 0.00 1.00000000 0
129.24 282.01 0.00 1.00000000 0
130.08 277.25 0.00 1.00000000 0
131.82 272.85 0.00 1.00000000 0
132.62 268.07 0.00 1.00000000 0
134.19 263.60 0.00 1.00000000 0
135.30 258.95 0.00 1.00000000 0
135.92 254.09 0.00 1.00000000 0
138.09 249.87 0.00 1.00000000 0
139.25 245.25 0.00 1.00000000 0
138.95 240.00 0.00 1.00000000 0
140.31 235.46 0.00 1.00000000 0
140.93 230.59 0.00 1.00000000 0
142.05 225.95 0.00 1.00000000 0
142.33 220.94 0.00 1.00000000 0
143.54 216.34 0.00 1.00000000 0
144.66 211.68 0.00 1.00000000 0
145.81 207.05 0.00 1.00000000 0
146.68 202.29 0.00 1.00000000 0
148.29 197.84 0.00 1.00000000 0
149.28 193.14 0.00 1.00000000 0
151.37 188.89 0.00 1.00000000 0
152.79 184.37 0.00 1.00000000 0
154.46 179.93 0.00 1.00000000 0
156.60 175.72 0.00 1.00000000 0
158.60 171.41 0.00 1.00000000 0
162.68 168.03 0.00 1.00000000 0
164.22 163.47 0.00 1.00000000 0
167.97 160.08 0.00 1.00000000 0
171.50 156.10 0.00 1.00000000 0
175.31 153.05 0.00 1.00000000 0
179.60 150.96 0.00 1.00000000 0
183.89 149.11 0.00 1.00000000 0
188.61 147.92 0.00 1.00000000 0
193.11 146.84 0.00 1.00000000 0
197.94 145.43 0.00 1.00000000 0
203.02 146.45 0.00 1.00000000 0
207.69 147.04 0.00 1.00000000 0
212.44 148.16 0.00 1.00000000 0
216.46 150.66 0.00 1.00000000 0
220.87 152.43 0.00 1.00000000 0
224.54 155.83 0.00 1.00000000 0
228.54 158.59 0.00 1.00000000 0
232.15 162.12 0.00 1.00000000 0
235.86 165.79 0.00 1.00000000 0
238.59 169.72 0.00 1.00000000 0
242.07 173.42 0.00 1.00000000 0
245.01 177.30 0.00 1.00000000 0
247.28 181.49 0.00 1.00000000 0
250.22 185.37 0.00 1.00000000 0
252.65 189.49 0.00 1.00000000 0
255.19 193.55 0.00 1.00000000 0
256.99 197.93 0.00 1.00000000 0
259.42 202.02 0.00 1.00000000 0
261.65 206.24 0.00 1.00000000 0
263.09 210.73 0.00 1.00000000 0
265.51 214.87 0.00 1.00000000 0
267.50 219.09 0.00 1.00000000 0
269.05 223.75 0.00 1.00000000 0
271.80 225.54 0.00 1.00000000 0
273.80 224.80 0.00 1.00000000 0

// UKnot
0.00000000
0.00000000
0.00000000
0.00000000
0.01298701
0.02597403
0.03896104
0.05194805
0.06493506
0.07792208
0.09090909
0.10389610
0.11688312
0.12987013
0.14285714
0.15584416
0.16883117
0.18181818
0.19480519
0.20779221
0.22077922
0.23376623
0.24675325
0.25974026
0.27272727
0.28571429
0.29870130
0.31168831
0.32467532
0.33766234
0.35064935
0.36363636
0.37662338
0.38961039
0.40259740
0.41558442
0.42857143
0.44155844
0.45454545
0.46753247
0.48051948
0.49350649
0.50649351
0.51948052
0.53246753
0.54545455
0.55844156
0.57142857
0.58441558
0.59740260
0.61038961
0.62337662
0.63636364
0.64935065
0.66233766
0.67532468
0.68831169
0.70129870
0.71428571
0.72727273
0.74025974
0.75324675
0.76623377
0.77922078
0.79220779
0.80519481
0.81818182
0.83116883
0.84415584
0.85714286
0.87012987
0.88311688
0.89610390
0.90909091
0.92207792
0.93506494
0.94805195
0.96103896
0.97402597
0.98701299
1.00000000
1.00000000
1.00000000
1.00000000

